A2	92	49	0.023	0.97	A1	6	7	0.99	0.99	A1-NODE_369_length_513_cov_2.17202_ID_737	0.1	0.37
A2	0	0	1	1	A1	4	4	1	1	A1-NODE_355_length_529_cov_1.41372_ID_709	1	1
A2	2403	1461	1	1	A1	5	3	1	1	A1-NODE_360_length_519_cov_1.32127_ID_719	1	1
A2	419	243	1	1	A1	2	3	1	1	A1-NODE_365_length_514_cov_0.95881_ID_729	1	1
A2	1	1	1	1	A1	5	3	1	1	A1-NODE_335_length_553_cov_1.12605_ID_669	1	1
A2	7289	5656	0.018	0.4	A1	6	6	0.44	0.76	A1-NODE_323_length_563_cov_1.58848_ID_645	0.98	0.94
A2	2	2	1	1	A1	4	5	1	1	A1-NODE_302_length_588_cov_1.42857_ID_603	1	1
A2	303	182	0.00077	0.89	A1	6	7	0.57	0.64	A1-NODE_298_length_599_cov_1.79885_ID_595	0.14	0.95
A2	435	262	1	1	A1	4	3	1	1	A1-NODE_262_length_642_cov_0.904425_ID_523	1	1
A2	2208	1350	1.30E-07	0.046	A1	4	5	0.52	0.52	A1-NODE_243_length_674_cov_1.22278_ID_485	0.29	0.73
A2	6	6	0.28	0.08	A1	6	4	0.44	0.91	A1-NODE_255_length_653_cov_1.17188_ID_509	0.81	0.14
A2	16499	13021	4.60E-08	1	A1	5	5	0.72	0.79	A1-NODE_224_length_704_cov_1.20893_ID_447	0.98	0.8
A2	336	185	2.30E-10	0.37	A1	5	6	0.41	0.99	A1-NODE_217_length_715_cov_1.29624_ID_433	0.097	0.82
A2	7	5	0.022	0.43	A1	4	5	0.6	0.83	A1-NODE_211_length_726_cov_1.12481_ID_421	0.25	0.036
A2	1436	1100	1	1	A1	3	4	1	1	A1-NODE_210_length_727_cov_0.812308_ID_419	1	1
A2	3980	2645	1.00E-07	0.053	A1	5	6	0.62	0.73	A1-NODE_196_length_759_cov_1.28446_ID_391	0.52	0.94
A2	9486	7587	2.00E-14	0.003	A1	7	8	0.23	0.21	A1-NODE_192_length_778_cov_1.66619_ID_383	0.38	0.079
A2	11389	9017	0.02	0.6	A1	5	6	0.81	0.97	A1-NODE_197_length_753_cov_1.29586_ID_393	0.99	0.98
A2	13050	9690	0.00045	0.83	A1	8	6	0.76	0.71	A1-NODE_178_length_824_cov_1.35341_ID_355	0.79	0.7
A2	2415	1855	1.80E-07	0.026	A1	7	7	0.38	0.34	A1-NODE_181_length_814_cov_1.3867_ID_361	0.2	0.21
A2	9118	6726	7.70E-05	0.39	A1	5	6	0.21	0.27	A1-NODE_182_length_812_cov_1.19184_ID_363	0.41	0.78
A2	656	459	8.60E-06	0.0044	A1	6	7	0.74	0.58	A1-NODE_149_length_903_cov_1.21792_ID_297	0.36	0.95
A2	25328	19323	3.40E-05	1	A1	9	8	0.35	0.41	A1-NODE_148_length_909_cov_1.47596_ID_295	0.47	0.29
A2	6509	5571	0.081	0.9	A1	6	6	0.94	0.81	A1-NODE_141_length_947_cov_1.07126_ID_281	0.92	0.66
A2	2093	1771	7.40E-14	0.0012	A1	11	8	0.76	0.36	A1-NODE_128_length_1000_cov_1.40303_ID_255	0.62	0.38
A2	361	330	3.10E-07	0.14	A1	10	11	0.16	0.16	A1-NODE_116_length_1049_cov_1.6214_ID_231	0.34	0.35
A2	4713	3854	1.00E-08	0.017	A1	11	12	0.14	0.22	A1-NODE_98_length_1287_cov_1.44793_ID_195	0.22	0.16
A2	168663	167585	0	0	A1	122287	120567	0	0	A1-NODE_45_length_18675_cov_952.175_ID_89	0	0
A2	25761	24692	0	0	A1	20176	20177	0	0	A1-NODE_64_length_12389_cov_238.773_ID_127	0	0
A2	175269	166994	0	0	A1	145827	145828	0	0	A1-NODE_27_length_33394_cov_637.661_ID_53	0	0
